[Camera]
HrzMirrored=1
Rotated90=0
StartX=528
StartY=240
VLineBlanking=13403
VertMirrored=1

[Datasource]
Type=RawFrameSequence

[GhostSteps]
GS0=-23.266600
GS1=-24.022800
GS2=0.075815
GS3=0.379280
GS4=3.690440
GS5=0.042001
GSType=1

[Microscope]
Micron_Per_Pixel=0.611100
SerialNumber=12012
WaveLength=0.535000

[System]
Height=296
Width=544
